FOTOMETRÍA ABSOLUTA

ESTRELLAS DE CALIBRADO:
   C1: 13.744
   C2: 13.729
   C3: 13.58

V494 MON                            13.686
FECHA J GEO           MAG      +/-         MAG      +/-
----------------------------------  -------------------
2459233.50782      11.368    0.006      13.692    0.019
2459233.50858      11.394    0.006      13.751    0.019
2459233.50932      11.374    0.006      13.682    0.019
2459233.51007      11.367    0.006      13.670    0.019
2459233.51081      11.354    0.006      13.711    0.019
2459233.51156      11.384    0.006      13.721    0.019
2459233.51230      11.381    0.006      13.742    0.019
2459233.51306      11.387    0.006      13.719    0.019
2459233.51381      11.400    0.006      13.694    0.019
2459233.51455      11.421    0.007      13.668    0.018
2459233.51530      11.414    0.007      13.776    0.019
2459233.51604      11.430    0.007      13.793    0.019
2459233.51679      11.446    0.007      13.774    0.019
2459233.51753      11.340    0.007      13.707    0.019
2459233.51829      11.430    0.007      13.756    0.019
2459233.51903      11.420    0.007      13.727    0.019
2459233.51978      11.454    0.007      13.769    0.019
2459233.52052      11.454    0.007      13.752    0.019
2459233.52127      11.451    0.007      13.684    0.019
2459233.52203      11.435    0.007      13.725    0.019
2459233.52277      11.431    0.007      13.722    0.019
2459233.52352      11.483    0.007      13.684    0.018
2459233.52426      11.475    0.007      13.739    0.019
2459233.52501      11.463    0.007      13.649    0.018
2459233.52575      11.505    0.007      13.775    0.019
2459233.52650      11.499    0.007      13.740    0.019
2459233.52725      11.502    0.007      13.708    0.019
2459233.52800      11.520    0.007      13.762    0.019
2459233.52875      11.520    0.007      13.778    0.019
2459233.52949      11.521    0.007      13.754    0.019
2459233.53024      11.495    0.007      13.783    0.019
2459233.53098      11.527    0.007      13.737    0.019
2459233.53174      11.547    0.007      13.703    0.018
2459233.53248      11.510    0.007      13.665    0.018
2459233.53323      11.518    0.007      13.734    0.019
2459233.53397      11.554    0.007      13.759    0.019
2459233.53472      11.562    0.007      13.718    0.019
2459233.53547      11.554    0.007      13.755    0.019
2459233.53622      11.557    0.007      13.707    0.018
2459233.53697      11.534    0.007      13.707    0.019
2459233.53771      11.535    0.007      13.634    0.018
2459233.53846      11.569    0.007      13.764    0.019
2459233.53920      11.593    0.007      13.724    0.018
2459233.53995      11.579    0.007      13.699    0.018
2459233.54069      11.596    0.007      13.726    0.019
2459233.54145      11.591    0.007      13.737    0.019
2459233.54219      11.605    0.007      13.743    0.019
2459233.54294      11.612    0.007      13.716    0.019
2459233.54368      11.620    0.007      13.745    0.019
2459233.54443      11.584    0.007      13.708    0.019
2459233.54519      11.614    0.007      13.720    0.019
2459233.54593      11.633    0.007      13.700    0.018
2459233.54668      11.622    0.007      13.653    0.018
2459233.54742      11.643    0.007      13.693    0.018
2459233.54817      11.681    0.007      13.780    0.019
2459233.54891      11.668    0.007      13.733    0.019
2459233.54966      11.674    0.007      13.738    0.019
2459233.55041      11.639    0.007      13.682    0.018
2459233.55116      11.633    0.007      13.684    0.019
2459233.55190      11.686    0.007      13.740    0.019
2459233.55265      11.666    0.007      13.679    0.018
2459233.55339      11.672    0.007      13.710    0.019
2459233.55414      11.690    0.007      13.719    0.019
2459233.55488      11.714    0.007      13.714    0.018
2459233.55564      11.693    0.007      13.743    0.019
2459233.55638      11.714    0.007      13.706    0.018
2459233.55713      11.719    0.007      13.738    0.019
2459233.55787      11.712    0.007      13.662    0.018
2459233.55862      11.742    0.007      13.759    0.019
2459233.55937      11.739    0.007      13.630    0.018
2459233.56012      11.795    0.008      13.727    0.018
2459233.56087      11.752    0.008      13.701    0.018
2459233.56424      11.776    0.008      13.731    0.019
2459233.56499      11.770    0.008      13.694    0.018
2459233.56573      11.785    0.008      13.763    0.019
2459233.56948      11.796    0.008      13.680    0.018
2459233.57022      11.809    0.008      13.703    0.018
2459233.57097      11.824    0.008      13.754    0.019
2459233.57171      11.827    0.008      13.687    0.018
2459233.57247      11.832    0.008      13.765    0.019
2459233.57321      11.850    0.008      13.732    0.019
2459233.57396      11.819    0.008      13.677    0.018
2459233.57470      11.813    0.008      13.654    0.018
2459233.57545      11.842    0.008      13.747    0.019
2459233.57619      11.810    0.008      13.697    0.019
2459233.57694      11.823    0.008      13.735    0.019
2459233.57769      11.843    0.008      13.672    0.018
2459233.57844      11.878    0.008      13.674    0.018
2459233.57918      11.841    0.008      13.657    0.018
2459233.57993      11.841    0.008      13.669    0.018
2459233.58067      11.882    0.008      13.718    0.018
2459233.58142      11.815    0.008      13.631    0.018
2459233.58216      11.888    0.008      13.708    0.018
2459233.58292      11.878    0.008      13.690    0.018
2459233.58366      11.853    0.008      13.685    0.018
2459233.58441      11.858    0.008      13.709    0.018
2459233.58515      11.842    0.008      13.714    0.019
2459233.58590      11.869    0.008      13.755    0.019
2459233.58664      11.880    0.008      13.745    0.019
2459233.58740      11.867    0.008      13.712    0.018
2459233.58814      11.852    0.008      13.737    0.019
2459233.58889      11.889    0.008      13.791    0.019
2459233.58963      11.866    0.008      13.728    0.019
2459233.59038      11.853    0.008      13.713    0.019
2459233.59112      11.857    0.008      13.682    0.018
2459233.59187      11.834    0.008      13.721    0.019
2459233.59262      11.846    0.008      13.716    0.019
2459233.59337      11.826    0.008      13.705    0.019
2459233.59411      11.816    0.008      13.662    0.018
2459233.59486      11.848    0.008      13.713    0.019
2459233.59560      11.852    0.008      13.722    0.019
2459233.59635      11.815    0.008      13.723    0.019
2459233.59709      11.804    0.008      13.777    0.019
2459233.59785      11.841    0.008      13.751    0.019
2459233.59859      11.806    0.008      13.687    0.018
2459233.59933      11.802    0.008      13.716    0.019
2459233.60008      11.773    0.008      13.697    0.019
2459233.60082      11.806    0.008      13.702    0.018
2459233.60157      11.798    0.008      13.729    0.019
2459233.60231      11.784    0.008      13.742    0.019
2459233.60307      11.800    0.008      13.666    0.018
2459233.60381      11.789    0.008      13.771    0.019
2459233.60456      11.812    0.008      13.746    0.019
2459233.60530      11.774    0.008      13.727    0.019
2459233.60605      11.760    0.008      13.688    0.018
2459233.60679      11.760    0.008      13.757    0.019
2459233.60755      11.755    0.008      13.680    0.018
2459233.60829      11.736    0.008      13.702    0.018
2459233.60904      11.754    0.008      13.703    0.018
2459233.60978      11.714    0.007      13.709    0.019
2459233.61053      11.727    0.008      13.695    0.018
2459233.61127      11.708    0.007      13.678    0.018
2459233.61203      11.702    0.007      13.725    0.019
2459233.61277      11.717    0.007      13.777    0.019
2459233.61352      11.697    0.007      13.742    0.019
2459233.61426      11.686    0.007      13.705    0.019
2459233.61501      11.690    0.007      13.742    0.019
2459233.61575      11.681    0.007      13.711    0.019
2459233.61650      11.677    0.007      13.686    0.018
2459233.61725      11.683    0.007      13.800    0.019
2459233.61800      11.658    0.007      13.709    0.019
2459233.61874      11.641    0.007      13.720    0.019
2459233.61949      11.652    0.007      13.681    0.018
2459233.62023      11.631    0.007      13.697    0.019
2459233.62098      11.648    0.007      13.677    0.018
2459233.62172      11.626    0.007      13.713    0.019

Observador: Nestor Suarez-Observatorio Antares
FotoDif 3.109
